note 1         note 2         note 3                
12.67          14.75          16.00        
17.18          16.55          15.16      
19.66          09.14          10.14
10.55          14.11          19.10
17.40          15.15          13.06
16.75          16.16          17.19   
13.50          15.10          13.69          
11.25          10.12          14.99     
06.80          15.18          15.88  
14.75          15.27          14.80  
11.15          15.96          12.50    
18.10          16.25          17.25           
17.44          14.60          16.50         
20.00          20.00          19.75          
09.12          04.40          10.10     


